Generation: 
25
Population{runTime=1.2522898, bestChromosome=ChValue{fitness=48860906, ch=Chromosome{genes=[88, 134, 199, 213, 148, 40, 17, 206, 169, 49, 82, 179, 73, 173, 172, 166, 254, 220, 222, 37, 177, 35, 109, 15, 71, 194, 117, 142, 185, 225, 135, 211, 237, 140, 2, 85, 5, 137, 97, 204, 147, 26, 56, 164, 200, 143, 84, 129, 67, 10, 176, 145, 74, 16, 249, 44, 96, 152, 127, 175, 46, 39, 52, 244, 62, 139, 123, 231, 167, 154, 214, 30, 60, 226, 241, 115, 99, 104, 3, 54, 215, 106, 34, 202, 29, 25, 236, 110, 78, 12, 192, 234, 201, 21, 153, 130, 13, 253, 196, 11, 77, 53, 0, 48, 252, 178, 136, 41, 219, 86, 131, 187, 1, 101, 51, 36, 93, 157, 207, 89, 132, 45, 24, 239, 229, 159, 28, 47, 95, 66, 168, 61, 235, 27, 160, 144, 116, 190, 183, 68, 6, 90, 32, 221, 128, 8, 158, 170, 161, 247, 113, 141, 243, 193, 165, 108, 119, 224, 146, 133, 138, 191, 195, 174, 75, 23, 72, 242, 255, 125, 94, 248, 121, 31, 155, 212, 118, 87, 210, 19, 151, 218, 250, 197, 81, 22, 198, 57, 228, 251, 112, 205, 38, 120, 149, 245, 18, 150, 70, 189, 209, 208, 14, 42, 203, 171, 65, 58, 240, 156, 230, 227, 238, 59, 124, 111, 233, 232, 107, 216, 105, 162, 217, 126, 50, 64, 9, 114, 182, 186, 63, 180, 181, 122, 163, 69, 20, 100, 83, 79, 55, 188, 91, 33, 76, 246, 98, 92, 43, 80, 223, 102, 184, 7, 4, 103]}, generation=25}, iterations=25, size=256, populationSize=25, generations=25, database='databases/tai256c.dat'}
Generation: 
25
Population{runTime=1.1413035, bestChromosome=ChValue{fitness=47812650, ch=Chromosome{genes=[63, 213, 154, 65, 90, 137, 8, 210, 28, 192, 108, 36, 89, 249, 26, 54, 186, 21, 190, 142, 203, 240, 5, 15, 182, 191, 136, 122, 236, 184, 121, 163, 23, 231, 41, 144, 80, 140, 167, 34, 61, 169, 222, 194, 117, 56, 71, 172, 234, 13, 47, 19, 216, 53, 50, 110, 242, 179, 114, 84, 112, 134, 95, 246, 115, 83, 180, 146, 151, 212, 98, 239, 14, 10, 159, 58, 165, 27, 102, 228, 251, 17, 104, 158, 217, 60, 78, 225, 221, 145, 209, 76, 29, 247, 43, 177, 241, 106, 161, 185, 40, 147, 200, 150, 196, 30, 156, 64, 48, 25, 138, 49, 198, 91, 218, 6, 230, 232, 2, 149, 132, 135, 178, 109, 9, 11, 176, 129, 45, 202, 226, 124, 32, 55, 72, 193, 39, 100, 57, 31, 77, 4, 59, 195, 199, 1, 127, 207, 143, 67, 130, 220, 254, 206, 181, 219, 33, 97, 204, 74, 24, 175, 93, 197, 96, 162, 248, 131, 174, 118, 245, 227, 244, 66, 211, 171, 155, 3, 38, 152, 189, 69, 16, 250, 107, 160, 87, 12, 139, 229, 94, 116, 173, 105, 111, 148, 70, 243, 208, 35, 18, 133, 188, 88, 238, 123, 82, 183, 187, 253, 170, 205, 113, 233, 7, 237, 99, 128, 168, 51, 164, 0, 235, 214, 215, 52, 125, 92, 22, 119, 44, 166, 153, 75, 223, 37, 68, 103, 79, 201, 42, 46, 81, 62, 120, 20, 85, 101, 73, 224, 157, 126, 255, 141, 252, 86]}, generation=25}, iterations=25, size=256, populationSize=25, generations=25, database='databases/tai256c.dat'}
Generation: 
25
Population{runTime=139.1961142, bestChromosome=ChValue{fitness=48987632, ch=Chromosome{genes=[175, 184, 20, 161, 93, 236, 118, 229, 186, 242, 158, 30, 6, 163, 210, 28, 83, 68, 205, 231, 203, 199, 4, 187, 148, 76, 58, 241, 7, 234, 79, 50, 177, 91, 170, 192, 214, 17, 156, 139, 36, 160, 248, 100, 117, 115, 165, 200, 70, 251, 49, 61, 14, 243, 254, 153, 221, 142, 86, 110, 80, 106, 157, 113, 207, 73, 194, 105, 27, 181, 209, 133, 151, 48, 16, 39, 128, 40, 217, 53, 96, 145, 103, 66, 119, 9, 24, 235, 71, 88, 44, 245, 57, 72, 237, 253, 108, 246, 26, 213, 107, 111, 132, 144, 201, 147, 18, 140, 78, 227, 190, 19, 94, 35, 32, 135, 56, 31, 252, 211, 38, 126, 174, 77, 1, 238, 228, 230, 250, 195, 169, 11, 89, 212, 85, 185, 247, 109, 167, 146, 166, 87, 216, 244, 220, 33, 168, 182, 123, 239, 63, 3, 47, 102, 149, 219, 12, 59, 13, 172, 29, 122, 171, 204, 74, 127, 191, 23, 90, 8, 22, 218, 69, 42, 143, 84, 137, 189, 138, 99, 136, 62, 159, 198, 226, 116, 46, 202, 81, 2, 233, 95, 154, 206, 188, 224, 120, 215, 130, 164, 0, 45, 141, 125, 197, 179, 240, 112, 249, 124, 104, 98, 193, 225, 101, 222, 255, 67, 97, 54, 178, 92, 114, 34, 152, 150, 82, 129, 51, 64, 223, 180, 43, 65, 134, 25, 5, 37, 55, 232, 21, 162, 15, 196, 208, 173, 131, 10, 60, 183, 52, 75, 176, 155, 121, 41]}, generation=25}, iterations=25, size=256, populationSize=25, generations=25, database='databases/tai256c.dat'}
Generation: 
25
Population{runTime=357.642302, bestChromosome=ChValue{fitness=48950580, ch=Chromosome{genes=[68, 167, 110, 246, 113, 214, 60, 40, 132, 87, 123, 241, 201, 161, 43, 137, 155, 238, 236, 30, 158, 154, 245, 255, 70, 8, 177, 39, 217, 212, 140, 88, 16, 29, 146, 96, 90, 142, 222, 105, 108, 248, 159, 181, 165, 92, 163, 164, 148, 204, 20, 184, 119, 209, 216, 65, 93, 130, 219, 117, 180, 61, 18, 75, 86, 136, 210, 47, 207, 224, 144, 64, 22, 80, 98, 27, 83, 227, 190, 250, 251, 102, 25, 191, 213, 188, 28, 42, 35, 33, 171, 37, 74, 115, 194, 252, 183, 195, 24, 147, 116, 168, 34, 5, 48, 106, 63, 0, 215, 66, 176, 11, 59, 233, 82, 12, 157, 104, 221, 19, 134, 228, 218, 45, 46, 174, 114, 76, 1, 6, 129, 156, 73, 100, 71, 198, 242, 243, 50, 77, 54, 62, 127, 79, 13, 237, 206, 58, 220, 91, 234, 125, 17, 97, 199, 84, 150, 111, 178, 193, 240, 112, 3, 85, 41, 81, 162, 208, 124, 23, 26, 36, 2, 31, 94, 103, 211, 95, 225, 72, 182, 57, 202, 189, 175, 169, 133, 254, 229, 141, 109, 149, 139, 143, 55, 52, 247, 205, 152, 203, 15, 51, 69, 32, 192, 135, 49, 138, 235, 121, 89, 230, 186, 4, 101, 7, 67, 38, 118, 179, 249, 122, 185, 128, 120, 145, 231, 226, 99, 239, 10, 131, 172, 21, 196, 232, 223, 166, 107, 14, 44, 56, 173, 244, 53, 170, 151, 126, 200, 197, 9, 160, 78, 153, 253, 187]}, generation=25}, iterations=25, size=256, populationSize=25, generations=25, database='databases/tai256c.dat'}

#########################

Generation: 
25
Population{runTime=1.0096637, bestChromosome=ChValue{fitness=49133104, ch=Chromosome{genes=[195, 180, 115, 154, 100, 159, 128, 15, 213, 139, 107, 90, 190, 130, 217, 28, 168, 9, 22, 149, 185, 171, 200, 164, 4, 202, 176, 182, 35, 218, 104, 231, 211, 42, 92, 243, 83, 133, 112, 37, 25, 221, 229, 62, 227, 77, 36, 247, 177, 2, 135, 81, 234, 1, 32, 63, 14, 69, 75, 238, 101, 147, 241, 160, 220, 71, 209, 29, 102, 51, 49, 145, 65, 110, 121, 240, 57, 55, 151, 173, 72, 237, 45, 252, 88, 142, 18, 105, 199, 10, 12, 192, 113, 56, 20, 61, 68, 249, 23, 210, 215, 198, 255, 109, 184, 246, 26, 143, 189, 239, 225, 167, 161, 108, 254, 52, 8, 86, 228, 39, 253, 30, 58, 183, 19, 186, 250, 43, 98, 5, 53, 174, 95, 34, 212, 79, 70, 179, 24, 193, 3, 216, 96, 138, 97, 137, 207, 50, 84, 224, 17, 230, 89, 67, 214, 27, 203, 251, 6, 197, 134, 242, 7, 226, 222, 124, 129, 205, 76, 118, 181, 106, 16, 91, 245, 87, 119, 94, 146, 175, 125, 122, 232, 219, 140, 188, 126, 99, 116, 244, 236, 80, 201, 148, 132, 82, 206, 194, 60, 165, 136, 152, 66, 187, 74, 31, 40, 163, 223, 114, 191, 46, 170, 131, 248, 169, 158, 233, 196, 11, 44, 178, 162, 41, 141, 204, 111, 13, 166, 59, 21, 127, 150, 93, 208, 47, 144, 78, 156, 153, 120, 157, 73, 155, 0, 123, 38, 85, 117, 64, 54, 33, 172, 235, 48, 103]}, generation=25}, iterations=25, size=256, populationSize=25, generations=25, database='databases/tai256c.dat', seed=0}
Generation: 
25
Population{runTime=0.7924177, bestChromosome=ChValue{fitness=48730264, ch=Chromosome{genes=[143, 190, 135, 236, 181, 28, 232, 39, 175, 27, 41, 103, 83, 86, 79, 171, 74, 26, 47, 161, 72, 20, 234, 118, 3, 21, 113, 201, 203, 5, 110, 51, 230, 156, 249, 214, 150, 193, 116, 237, 227, 130, 141, 200, 32, 12, 202, 225, 208, 211, 177, 95, 223, 78, 139, 169, 77, 174, 133, 80, 71, 152, 170, 128, 93, 1, 76, 99, 244, 147, 205, 165, 121, 123, 66, 85, 250, 8, 2, 179, 34, 104, 62, 30, 240, 198, 164, 90, 126, 98, 22, 53, 18, 149, 131, 242, 158, 38, 92, 216, 106, 188, 119, 45, 252, 238, 255, 11, 146, 145, 73, 16, 37, 192, 4, 100, 246, 187, 59, 117, 111, 218, 134, 14, 247, 226, 183, 82, 127, 168, 222, 178, 108, 207, 25, 33, 209, 109, 213, 61, 87, 68, 19, 217, 153, 210, 69, 91, 56, 228, 65, 48, 43, 253, 55, 245, 199, 233, 54, 44, 60, 157, 186, 243, 125, 81, 137, 29, 122, 239, 176, 57, 129, 10, 144, 114, 172, 182, 151, 195, 67, 251, 159, 194, 231, 75, 148, 140, 191, 160, 212, 221, 17, 88, 50, 42, 197, 154, 31, 102, 97, 136, 254, 166, 196, 64, 112, 23, 105, 6, 115, 162, 58, 124, 206, 107, 13, 248, 70, 189, 138, 142, 49, 215, 101, 173, 63, 120, 89, 241, 15, 204, 46, 132, 84, 220, 185, 184, 36, 40, 167, 24, 94, 155, 224, 96, 219, 9, 35, 235, 0, 180, 7, 163, 52, 229]}, generation=25}, iterations=25, size=256, populationSize=25, generations=25, database='databases/tai256c.dat', seed=0}
Generation: 
25
Population{runTime=482.7128389, bestChromosome=ChValue{fitness=48677474, ch=Chromosome{genes=[52, 197, 122, 56, 223, 143, 68, 178, 38, 181, 184, 202, 140, 130, 32, 233, 71, 112, 191, 235, 30, 151, 48, 208, 203, 251, 161, 110, 101, 173, 128, 243, 159, 77, 79, 134, 238, 45, 199, 33, 169, 121, 7, 100, 204, 215, 74, 49, 10, 18, 242, 213, 12, 89, 240, 142, 166, 81, 241, 226, 104, 133, 67, 136, 22, 217, 115, 245, 171, 24, 164, 118, 27, 42, 103, 78, 237, 44, 41, 53, 179, 206, 21, 108, 86, 165, 253, 14, 155, 195, 232, 145, 3, 227, 234, 152, 109, 66, 252, 239, 26, 39, 150, 75, 124, 57, 160, 175, 88, 73, 174, 34, 2, 246, 59, 84, 85, 180, 172, 105, 19, 40, 25, 144, 216, 64, 177, 135, 149, 13, 97, 63, 244, 6, 224, 146, 90, 113, 106, 9, 55, 141, 162, 114, 193, 185, 192, 46, 82, 250, 176, 194, 170, 98, 236, 207, 111, 83, 91, 168, 95, 51, 125, 15, 211, 255, 72, 4, 132, 230, 58, 248, 131, 99, 61, 187, 0, 76, 70, 20, 183, 62, 229, 221, 157, 92, 80, 96, 119, 126, 167, 254, 102, 209, 37, 210, 225, 182, 190, 138, 212, 127, 69, 153, 129, 87, 228, 137, 189, 188, 107, 1, 60, 147, 218, 47, 247, 231, 139, 28, 186, 17, 249, 163, 117, 214, 43, 11, 29, 205, 16, 36, 93, 154, 50, 123, 65, 156, 148, 8, 120, 54, 158, 23, 220, 116, 35, 31, 196, 222, 198, 219, 5, 201, 200, 94]}, generation=25}, iterations=25, size=256, populationSize=25, generations=25, database='databases/tai256c.dat', seed=0}
Generation: 
5









#########################

Generation: 
25
Population{runTime=1.044868, bestChromosome=ChValue{fitness=49066402, ch=Chromosome{genes=[44, 148, 88, 162, 65, 92, 198, 247, 104, 34, 4, 132, 119, 184, 89, 27, 3, 67, 186, 139, 1, 250, 130, 55, 54, 211, 229, 241, 144, 82, 75, 189, 143, 21, 22, 151, 35, 40, 71, 223, 238, 106, 219, 138, 125, 110, 63, 239, 85, 254, 93, 177, 24, 159, 62, 210, 181, 205, 47, 141, 212, 191, 157, 164, 17, 147, 231, 153, 192, 197, 209, 26, 129, 100, 232, 171, 236, 215, 58, 166, 160, 96, 13, 185, 235, 81, 136, 243, 31, 249, 201, 86, 70, 0, 154, 116, 69, 72, 41, 168, 77, 108, 111, 156, 20, 84, 221, 190, 11, 216, 37, 149, 226, 30, 225, 199, 121, 217, 16, 9, 127, 8, 48, 43, 240, 36, 188, 196, 224, 87, 56, 33, 202, 233, 78, 18, 146, 29, 25, 234, 97, 208, 66, 39, 50, 124, 73, 79, 193, 95, 123, 252, 102, 19, 200, 105, 169, 118, 213, 83, 117, 49, 46, 145, 214, 91, 175, 28, 101, 42, 99, 109, 182, 126, 128, 133, 23, 183, 7, 107, 135, 140, 204, 137, 53, 122, 14, 15, 38, 10, 12, 152, 114, 98, 80, 246, 142, 161, 220, 163, 61, 134, 103, 68, 32, 245, 76, 165, 51, 115, 60, 179, 113, 94, 222, 244, 174, 207, 187, 90, 5, 195, 172, 45, 255, 176, 228, 120, 206, 52, 253, 57, 112, 227, 170, 203, 64, 6, 194, 2, 167, 230, 251, 218, 158, 74, 242, 180, 150, 173, 248, 237, 155, 59, 131, 178]}, generation=25}, iterations=25, size=256, populationSize=25, generations=25, database='databases/tai256c.dat', seed=7879ef17-a8b1-4091-9297-adb554f176b7}
Generation: 
25
Population{runTime=2637.8557256, bestChromosome=ChValue{fitness=46826796, ch=Chromosome{genes=[126, 6, 69, 236, 222, 130, 63, 162, 19, 67, 171, 218, 186, 175, 204, 89, 143, 24, 209, 13, 103, 244, 105, 98, 52, 248, 173, 18, 84, 160, 251, 54, 9, 122, 101, 224, 43, 197, 137, 182, 237, 156, 145, 191, 230, 56, 30, 109, 249, 118, 120, 68, 212, 198, 116, 208, 90, 178, 150, 174, 93, 26, 79, 187, 141, 254, 49, 70, 132, 165, 38, 60, 47, 76, 83, 28, 194, 168, 96, 2, 5, 207, 169, 180, 81, 107, 184, 66, 0, 231, 233, 15, 217, 4, 199, 252, 193, 73, 74, 82, 158, 192, 221, 185, 87, 25, 108, 11, 78, 111, 102, 255, 21, 65, 133, 203, 59, 16, 189, 214, 44, 188, 215, 213, 155, 234, 202, 166, 17, 61, 35, 148, 229, 151, 117, 127, 238, 206, 147, 152, 211, 20, 153, 196, 242, 220, 46, 225, 149, 34, 232, 240, 100, 245, 94, 104, 144, 250, 58, 8, 50, 72, 33, 190, 210, 12, 62, 57, 157, 32, 177, 201, 205, 134, 91, 112, 119, 125, 48, 219, 179, 86, 139, 31, 39, 22, 23, 246, 235, 37, 40, 27, 216, 14, 71, 10, 51, 161, 243, 140, 95, 241, 136, 195, 181, 183, 239, 41, 172, 1, 53, 110, 138, 3, 164, 75, 42, 226, 45, 36, 64, 115, 80, 253, 163, 200, 123, 7, 227, 124, 99, 131, 113, 223, 170, 97, 176, 228, 142, 92, 146, 77, 29, 121, 159, 106, 128, 129, 135, 55, 85, 167, 154, 114, 247, 88]}, generation=25}, iterations=25, size=256, populationSize=25, generations=25, database='databases/tai256c.dat', seed=7879ef17-a8b1-4091-9297-adb554f176b7}
Generation: 
4

Generation: 
1000
Population{runTime=73.4764564, bestChromosome=ChValue{fitness=45174146, ch=Chromosome{genes=[73, 28, 179, 194, 166, 181, 82, 63, 8, 143, 206, 32, 13, 25, 30, 76, 196, 174, 189, 96, 15, 113, 108, 103, 118, 116, 247, 120, 228, 184, 188, 35, 49, 85, 11, 88, 133, 245, 148, 240, 106, 254, 6, 201, 140, 95, 214, 128, 52, 42, 234, 64, 78, 223, 199, 221, 160, 59, 236, 219, 192, 209, 191, 99, 211, 187, 93, 243, 157, 55, 170, 216, 151, 249, 155, 152, 38, 126, 70, 67, 91, 45, 18, 137, 226, 1, 131, 40, 162, 145, 122, 21, 193, 227, 169, 225, 56, 212, 241, 239, 125, 134, 100, 200, 5, 129, 50, 178, 101, 139, 83, 161, 117, 107, 69, 197, 4, 185, 16, 154, 94, 208, 80, 248, 22, 77, 190, 57, 98, 144, 195, 114, 62, 23, 231, 48, 72, 167, 10, 168, 136, 220, 104, 71, 213, 39, 132, 51, 124, 202, 255, 84, 7, 34, 115, 159, 112, 138, 97, 171, 150, 110, 12, 61, 121, 153, 142, 238, 242, 237, 215, 9, 43, 224, 68, 47, 127, 74, 20, 58, 250, 164, 0, 89, 90, 53, 165, 146, 204, 130, 176, 41, 198, 92, 24, 183, 37, 65, 102, 251, 66, 86, 75, 156, 14, 60, 109, 177, 246, 172, 252, 207, 149, 19, 3, 222, 182, 203, 111, 33, 135, 141, 173, 180, 26, 46, 36, 232, 244, 79, 233, 158, 31, 186, 2, 235, 253, 147, 81, 205, 119, 17, 217, 210, 27, 44, 123, 54, 163, 29, 175, 105, 87, 230, 218, 229]}, generation=904}, iterations=1000, size=256, populationSize=100, generations=1000, database='databases/tai256c.dat', seed=6e5f454a-0a77-401f-9dfa-19d1272aaefa}
Generation: 

Generation: 
1000
Population{runTime=73.4764564, bestChromosome=ChValue{fitness=45174146, ch=Chromosome{genes=[73, 28, 179, 194, 166, 181, 82, 63, 8, 143, 206, 32, 13, 25, 30, 76, 196, 174, 189, 96, 15, 113, 108, 103, 118, 116, 247, 120, 228, 184, 188, 35, 49, 85, 11, 88, 133, 245, 148, 240, 106, 254, 6, 201, 140, 95, 214, 128, 52, 42, 234, 64, 78, 223, 199, 221, 160, 59, 236, 219, 192, 209, 191, 99, 211, 187, 93, 243, 157, 55, 170, 216, 151, 249, 155, 152, 38, 126, 70, 67, 91, 45, 18, 137, 226, 1, 131, 40, 162, 145, 122, 21, 193, 227, 169, 225, 56, 212, 241, 239, 125, 134, 100, 200, 5, 129, 50, 178, 101, 139, 83, 161, 117, 107, 69, 197, 4, 185, 16, 154, 94, 208, 80, 248, 22, 77, 190, 57, 98, 144, 195, 114, 62, 23, 231, 48, 72, 167, 10, 168, 136, 220, 104, 71, 213, 39, 132, 51, 124, 202, 255, 84, 7, 34, 115, 159, 112, 138, 97, 171, 150, 110, 12, 61, 121, 153, 142, 238, 242, 237, 215, 9, 43, 224, 68, 47, 127, 74, 20, 58, 250, 164, 0, 89, 90, 53, 165, 146, 204, 130, 176, 41, 198, 92, 24, 183, 37, 65, 102, 251, 66, 86, 75, 156, 14, 60, 109, 177, 246, 172, 252, 207, 149, 19, 3, 222, 182, 203, 111, 33, 135, 141, 173, 180, 26, 46, 36, 232, 244, 79, 233, 158, 31, 186, 2, 235, 253, 147, 81, 205, 119, 17, 217, 210, 27, 44, 123, 54, 163, 29, 175, 105, 87, 230, 218, 229]}, generation=904}, iterations=1000, size=256, populationSize=100, generations=1000, database='databases/tai256c.dat', seed=6e5f454a-0a77-401f-9dfa-19d1272aaefa}
Generation: 
30
Population{runTime=8127.8774182, bestChromosome=ChValue{fitness=45727180, ch=Chromosome{genes=[164, 14, 173, 1, 88, 187, 94, 87, 148, 163, 168, 106, 238, 19, 223, 32, 105, 70, 79, 247, 30, 194, 131, 160, 231, 235, 130, 51, 12, 253, 233, 218, 42, 89, 125, 83, 126, 212, 201, 204, 128, 76, 121, 108, 203, 222, 9, 118, 44, 137, 22, 115, 78, 191, 85, 90, 97, 80, 170, 5, 150, 244, 84, 182, 129, 133, 196, 43, 176, 199, 159, 227, 3, 77, 27, 210, 95, 229, 50, 188, 92, 56, 10, 40, 36, 237, 180, 200, 139, 47, 29, 54, 4, 157, 248, 49, 0, 151, 58, 144, 193, 52, 116, 202, 240, 206, 251, 174, 140, 34, 254, 123, 48, 2, 255, 185, 68, 225, 186, 215, 232, 60, 162, 135, 239, 117, 169, 158, 41, 245, 230, 39, 102, 65, 197, 75, 138, 177, 136, 166, 224, 23, 53, 198, 104, 155, 114, 21, 234, 134, 112, 17, 181, 192, 243, 113, 55, 86, 172, 45, 8, 67, 11, 111, 195, 241, 250, 132, 207, 82, 15, 246, 167, 175, 59, 122, 66, 149, 228, 221, 153, 61, 99, 208, 26, 81, 220, 142, 109, 33, 73, 190, 154, 96, 64, 184, 7, 91, 147, 171, 31, 35, 18, 63, 178, 46, 165, 101, 211, 183, 100, 120, 110, 209, 6, 217, 74, 143, 242, 156, 249, 13, 107, 25, 141, 119, 72, 219, 71, 57, 213, 28, 98, 236, 127, 16, 152, 37, 24, 145, 69, 205, 124, 179, 103, 161, 20, 252, 216, 226, 214, 38, 189, 62, 146, 93]}, generation=29}, iterations=30, size=256, populationSize=30, generations=30, database='databases/tai256c.dat', seed=6e5f454a-0a77-401f-9dfa-19d1272aaefa}


Generation: 
1500
Population{runTime=89.0364658, bestChromosome=ChValue{fitness=45082932, ch=Chromosome{genes=[17, 91, 222, 244, 233, 146, 60, 252, 108, 240, 13, 231, 20, 80, 207, 227, 65, 89, 5, 98, 73, 47, 123, 208, 30, 172, 219, 148, 160, 142, 62, 184, 94, 55, 71, 190, 113, 150, 163, 86, 24, 128, 111, 152, 167, 121, 135, 125, 53, 77, 41, 83, 183, 242, 118, 210, 103, 204, 154, 116, 140, 213, 50, 28, 239, 106, 3, 48, 11, 38, 216, 173, 178, 169, 58, 101, 181, 7, 43, 15, 68, 237, 198, 131, 246, 35, 250, 202, 187, 193, 159, 195, 18, 33, 176, 133, 232, 104, 247, 29, 36, 126, 194, 134, 177, 217, 147, 61, 166, 206, 8, 84, 100, 234, 215, 34, 27, 192, 158, 129, 78, 164, 114, 122, 9, 39, 81, 254, 22, 209, 52, 119, 44, 132, 170, 200, 45, 19, 130, 241, 235, 90, 93, 185, 211, 99, 6, 4, 26, 205, 67, 75, 1, 196, 238, 79, 189, 186, 220, 171, 230, 226, 180, 253, 255, 46, 59, 144, 76, 14, 151, 149, 225, 97, 112, 224, 248, 23, 168, 0, 243, 143, 124, 88, 31, 188, 197, 105, 228, 74, 165, 218, 161, 96, 174, 115, 141, 25, 120, 156, 110, 155, 72, 162, 56, 203, 175, 139, 109, 12, 102, 37, 137, 82, 32, 179, 201, 42, 95, 21, 87, 63, 182, 153, 64, 127, 92, 229, 70, 236, 136, 2, 117, 245, 145, 212, 49, 199, 16, 221, 66, 249, 57, 223, 107, 54, 51, 40, 69, 191, 251, 157, 138, 10, 85, 214]}, generation=1405}, iterations=1500, size=256, populationSize=100, generations=1500, database='databases/tai256c.dat', seed=3278758d-cf7e-476c-8f52-214d5a7acdbf}
Generation: 
30
Population{runTime=8309.3895492, bestChromosome=ChValue{fitness=45510790, ch=Chromosome{genes=[110, 232, 202, 35, 196, 7, 120, 221, 0, 127, 80, 161, 27, 248, 143, 218, 58, 144, 216, 249, 25, 227, 184, 29, 82, 28, 235, 39, 65, 171, 86, 194, 172, 177, 69, 73, 219, 99, 49, 125, 116, 101, 90, 212, 41, 40, 135, 147, 38, 169, 181, 18, 62, 20, 108, 113, 32, 97, 123, 72, 95, 157, 91, 76, 211, 148, 30, 191, 78, 163, 167, 222, 133, 240, 246, 60, 5, 209, 145, 131, 188, 231, 64, 237, 208, 203, 190, 252, 154, 243, 255, 109, 137, 229, 238, 111, 185, 117, 141, 8, 51, 225, 2, 44, 174, 77, 55, 173, 251, 12, 42, 152, 247, 83, 207, 146, 142, 236, 254, 162, 115, 112, 150, 204, 217, 87, 182, 198, 138, 21, 187, 22, 19, 23, 226, 94, 96, 213, 151, 48, 47, 63, 98, 93, 92, 214, 107, 10, 50, 178, 89, 46, 241, 197, 253, 74, 126, 220, 245, 122, 104, 189, 156, 206, 114, 130, 242, 36, 234, 59, 34, 164, 195, 210, 24, 244, 168, 56, 52, 53, 103, 6, 176, 17, 205, 128, 33, 106, 9, 160, 26, 100, 79, 136, 250, 183, 1, 155, 45, 68, 233, 193, 54, 121, 223, 67, 124, 192, 134, 85, 3, 179, 71, 31, 129, 166, 81, 215, 170, 201, 119, 16, 239, 57, 11, 84, 37, 186, 43, 159, 230, 165, 175, 102, 139, 140, 153, 15, 158, 118, 70, 88, 75, 66, 200, 180, 132, 224, 199, 14, 228, 149, 4, 61, 105, 13]}, generation=30}, iterations=30, size=256, populationSize=30, generations=30, database='databases/tai256c.dat', seed=3278758d-cf7e-476c-8f52-214d5a7acdbf}
Generation: 
13


/////////////

Lamarck

Generation: 
5
Population{runTime=2365.1864663, bestChromosome=ChValue{fitness=44895564, ch=Chromosome{genes=[142, 24, 189, 109, 127, 172, 235, 92, 10, 179, 203, 116, 72, 128, 137, 208, 246, 174, 45, 139, 157, 7, 215, 17, 75, 114, 152, 82, 58, 166, 38, 0, 186, 102, 97, 252, 220, 229, 207, 49, 94, 134, 89, 104, 146, 68, 21, 85, 13, 242, 36, 159, 41, 51, 176, 124, 183, 34, 154, 196, 194, 200, 255, 198, 211, 31, 244, 119, 99, 232, 237, 161, 106, 53, 80, 149, 28, 32, 225, 131, 217, 79, 60, 62, 222, 55, 249, 43, 3, 169, 164, 87, 20, 245, 46, 78, 37, 54, 191, 19, 52, 91, 95, 221, 233, 243, 5, 219, 100, 103, 107, 71, 150, 206, 236, 50, 2, 204, 44, 148, 26, 108, 160, 67, 63, 66, 185, 228, 4, 121, 110, 238, 171, 47, 6, 15, 151, 226, 96, 140, 218, 223, 167, 156, 214, 165, 239, 105, 170, 195, 101, 182, 145, 126, 193, 8, 33, 234, 168, 133, 135, 88, 136, 187, 22, 180, 12, 155, 9, 178, 240, 16, 209, 181, 84, 153, 64, 61, 162, 69, 57, 120, 210, 192, 254, 39, 129, 197, 143, 247, 83, 117, 98, 132, 90, 93, 40, 241, 248, 14, 125, 216, 59, 184, 212, 112, 250, 118, 115, 173, 144, 188, 202, 65, 86, 199, 29, 23, 48, 42, 81, 224, 213, 123, 177, 30, 122, 163, 253, 27, 70, 35, 141, 231, 25, 11, 251, 227, 147, 18, 175, 230, 130, 77, 201, 190, 158, 1, 111, 56, 138, 76, 74, 73, 205, 113]}, generation=4}, iterations=5, size=256, populationSize=10, generations=5, database='databases/tai256c.dat', seed=6ffad8d9-a8d2-4634-89aa-7c216e734cb1}

Generation: 
5
Population{runTime=2575.0060572, bestChromosome=ChValue{fitness=44888170, ch=Chromosome{genes=[234, 124, 176, 29, 200, 187, 194, 151, 231, 44, 127, 8, 207, 149, 132, 92, 243, 42, 10, 46, 101, 145, 217, 4, 34, 59, 21, 158, 251, 0, 71, 65, 211, 40, 168, 23, 79, 89, 113, 249, 141, 82, 202, 109, 19, 104, 38, 96, 53, 84, 213, 31, 138, 208, 181, 170, 12, 172, 190, 254, 121, 205, 74, 153, 48, 175, 61, 67, 239, 17, 107, 241, 119, 130, 246, 226, 57, 128, 183, 115, 164, 155, 134, 198, 179, 86, 36, 94, 162, 228, 237, 220, 146, 114, 201, 199, 214, 225, 227, 163, 112, 103, 37, 167, 250, 252, 72, 212, 99, 69, 216, 154, 245, 56, 16, 171, 64, 229, 184, 43, 196, 161, 195, 55, 253, 88, 98, 33, 203, 95, 93, 117, 137, 125, 215, 22, 230, 204, 120, 235, 180, 142, 45, 157, 54, 173, 242, 118, 123, 244, 41, 26, 240, 192, 152, 122, 247, 169, 159, 189, 52, 219, 73, 24, 90, 156, 221, 135, 116, 209, 27, 177, 68, 87, 66, 30, 133, 110, 28, 182, 6, 39, 174, 50, 78, 140, 188, 111, 7, 83, 5, 91, 47, 223, 75, 32, 20, 60, 210, 51, 63, 144, 14, 147, 236, 102, 148, 35, 232, 105, 85, 193, 15, 80, 178, 100, 238, 160, 218, 62, 166, 81, 131, 150, 97, 191, 206, 143, 76, 106, 222, 77, 70, 233, 126, 186, 136, 108, 255, 248, 224, 25, 11, 129, 185, 58, 139, 1, 197, 18, 9, 2, 13, 165, 3, 49]}, generation=5}, iterations=5, size=256, populationSize=10, generations=5, database='databases/tai256c.dat', seed=f6c616ca-0fec-48ad-a24b-79ffc3b87adb}


Generation: 
5000
Population{runTime=332.6967085, bestChromosome=ChValue{fitness=44990042, ch=Chromosome{genes=[14, 107, 255, 113, 96, 29, 241, 119, 6, 85, 232, 4, 235, 124, 212, 51, 61, 95, 148, 202, 249, 16, 247, 200, 56, 161, 189, 221, 59, 180, 165, 2, 82, 109, 41, 24, 90, 88, 158, 210, 48, 178, 137, 204, 131, 122, 134, 116, 76, 151, 207, 11, 252, 44, 230, 215, 47, 175, 78, 71, 156, 39, 176, 171, 238, 68, 33, 127, 26, 19, 154, 105, 224, 182, 197, 217, 146, 128, 73, 99, 21, 185, 168, 110, 245, 36, 227, 141, 54, 102, 163, 193, 170, 244, 57, 195, 62, 186, 222, 97, 53, 129, 164, 45, 38, 10, 194, 192, 89, 15, 246, 143, 80, 81, 114, 223, 55, 236, 240, 203, 234, 13, 177, 157, 139, 120, 216, 219, 132, 136, 22, 183, 72, 225, 166, 142, 173, 228, 27, 187, 5, 214, 118, 52, 218, 147, 94, 144, 226, 8, 196, 58, 155, 208, 20, 135, 100, 205, 159, 18, 253, 104, 179, 117, 233, 172, 251, 0, 79, 213, 149, 74, 84, 111, 231, 133, 77, 98, 242, 3, 75, 86, 65, 250, 9, 46, 248, 198, 130, 237, 220, 125, 92, 181, 37, 30, 50, 138, 35, 23, 184, 152, 123, 140, 69, 93, 126, 60, 108, 188, 209, 87, 229, 49, 103, 243, 121, 67, 191, 160, 115, 169, 190, 174, 211, 31, 239, 112, 34, 145, 201, 43, 167, 106, 70, 150, 1, 64, 91, 28, 101, 7, 40, 153, 83, 162, 42, 32, 17, 66, 206, 254, 12, 25, 63, 199]}, generation=1411}, iterations=5000, size=256, populationSize=100, generations=5000, database='databases/tai256c.dat', seed=057d5095-b66d-4281-9301-2ef159b1017f}

Process finished with exit code 0

Generation: 
5000
Population{runTime=654.5637489, bestChromosome=ChValue{fitness=44986014, ch=Chromosome{genes=[95, 62, 151, 223, 149, 173, 57, 248, 216, 39, 136, 140, 98, 199, 176, 12, 61, 1, 24, 211, 143, 42, 125, 164, 224, 115, 45, 122, 6, 233, 31, 84, 236, 203, 21, 49, 72, 206, 77, 14, 108, 162, 132, 32, 221, 182, 226, 110, 60, 51, 18, 102, 119, 36, 27, 4, 74, 231, 245, 155, 243, 218, 196, 153, 193, 117, 255, 228, 188, 54, 129, 179, 168, 251, 175, 147, 112, 214, 81, 64, 91, 9, 158, 170, 144, 185, 253, 66, 105, 87, 134, 69, 225, 3, 7, 150, 104, 47, 90, 22, 71, 229, 11, 201, 111, 200, 19, 40, 59, 246, 13, 83, 137, 219, 17, 44, 70, 254, 250, 138, 29, 26, 192, 5, 210, 10, 113, 82, 118, 121, 15, 197, 38, 53, 73, 58, 67, 166, 139, 169, 126, 131, 34, 141, 202, 235, 183, 37, 204, 205, 238, 97, 127, 96, 167, 100, 80, 148, 68, 79, 120, 23, 133, 101, 198, 55, 212, 227, 93, 145, 46, 194, 114, 209, 252, 234, 92, 190, 186, 187, 191, 247, 174, 160, 75, 156, 106, 146, 99, 25, 35, 94, 89, 171, 184, 220, 240, 123, 230, 128, 189, 181, 0, 124, 249, 217, 237, 222, 244, 165, 163, 48, 154, 33, 20, 76, 109, 56, 213, 195, 103, 50, 88, 177, 142, 65, 207, 135, 157, 180, 2, 41, 215, 232, 159, 52, 78, 63, 86, 85, 8, 241, 239, 30, 16, 208, 28, 172, 242, 130, 116, 43, 161, 152, 178, 107]}, generation=1360}, iterations=5000, size=256, populationSize=200, generations=5000, database='databases/tai256c.dat', seed=fc0e2b4c-7811-4e09-ad79-e767e128ddb6}

Population{runTime=2896.3777071, bestChromosome=ChValue{fitness=44915176, ch=Chromosome{genes=[236, 152, 133, 166, 251, 66, 156, 245, 54, 106, 60, 181, 69, 228, 225, 160, 6, 204, 135, 25, 23, 141, 37, 10, 81, 46, 191, 14, 196, 116, 231, 178, 63, 40, 52, 31, 169, 111, 243, 208, 114, 89, 253, 94, 92, 198, 183, 146, 216, 33, 193, 174, 77, 121, 201, 72, 159, 87, 43, 99, 148, 171, 64, 213, 123, 57, 75, 239, 218, 101, 84, 233, 118, 138, 206, 112, 221, 109, 240, 18, 35, 186, 210, 1, 4, 104, 126, 248, 28, 129, 163, 189, 131, 113, 59, 158, 180, 173, 70, 74, 237, 128, 20, 222, 209, 230, 102, 7, 83, 200, 80, 86, 246, 19, 82, 195, 55, 100, 9, 252, 36, 122, 73, 254, 179, 88, 162, 147, 95, 29, 212, 41, 90, 145, 34, 15, 49, 202, 244, 3, 17, 137, 56, 8, 120, 44, 194, 130, 85, 154, 32, 161, 62, 30, 167, 229, 108, 149, 232, 93, 153, 11, 142, 235, 170, 227, 211, 50, 219, 58, 247, 199, 78, 103, 12, 157, 136, 51, 234, 38, 0, 164, 97, 155, 26, 22, 107, 192, 203, 134, 27, 238, 223, 207, 71, 185, 98, 242, 241, 127, 249, 197, 184, 250, 39, 168, 182, 224, 226, 53, 124, 42, 48, 150, 5, 119, 115, 215, 67, 217, 91, 176, 143, 187, 177, 117, 165, 16, 110, 21, 151, 190, 205, 105, 172, 61, 47, 76, 132, 255, 13, 144, 79, 175, 68, 45, 24, 65, 220, 214, 96, 125, 188, 140, 2, 139]}, generation=4}, iterations=5, size=256, populationSize=10, generations=5, database='databases/tai256c.dat', mutationProbability=0.5, crossProbability=0.5, geneMutations=1, bestChromosomesRatio=0.2, seed=14c9f636-72a1-4ae4-9b27-f7188965d9b1}

